aexpn	redshift  Mvir        Rvir       a11         a12           a13         a21         a22         a23         a31         a32           a33         vpec_x    vpec_y      vpec_z
                  (M_solar)   (kpc)                                                                                                                      (km/s)    (km/s)      (km/s)
0.200   4.000     5.0093E+09  10.95274  -0.5654396  0.0000E+00      0.8247897  0.2761163   0.9422992   0.1892932  -0.7771987    0.3347718   -0.5328133   14.88605 -19.38113   -6.04711
0.225   3.444     6.8634E+09  13.65062  -0.7623031  0.0000E+00      0.6472203  0.3249896   0.8647913   0.3827763  -0.5597104    0.5021313   -0.6592331   16.38202  17.46903   10.60968
0.250   3.000     7.7141E+09  15.75264  -0.6002989  0.0000E+00      0.7997758  0.0818819   0.9947452   0.0614592  -0.7955731    0.1023811   -0.5971444   22.97100  -2.77700    8.76580
0.275   2.636     7.7584E+09  17.31038  -0.9620361  0.0000E+00      0.2729223  0.1505205   0.8341655   0.5305765  -0.2276623    0.5515141   -0.8024973   26.32617  -5.25421    1.05485
0.300   2.333     7.9292E+09  18.99219  -0.5226296  0.0000E+00      0.8525598  0.2571731   0.9534193   0.1576503  -0.8128470    0.3016482   -0.4982851   15.53462 -13.22284    3.27103
0.350   1.857     1.0381E+10  24.06809   0.9057385  0.0000E+00      0.4238371  0.0164059   0.9992505  -0.0350593  -0.4235195    0.0387080    0.9050596   27.37284  -4.51082    4.35972
0.375   1.667     1.1186E+10  26.35416  -0.5421903  0.0000E+00      0.8402557  0.7066622   0.5410219   0.4559867  -0.4545967    0.8410085   -0.2933368   26.93619  -0.37839   -1.70242
0.400   1.500     1.4656E+10  30.63252  -0.9471103  0.0000E+00      0.3209082  0.0825030   0.9663869   0.2434948  -0.3101215    0.2570923   -0.9152749   35.29639   0.13264    0.50936
0.425   1.353     1.7519E+10  34.40903   0.7833751  0.0000E+00     -0.6215492 -0.0065115   0.9999451  -0.0082068   0.6215151    0.0104762    0.7833321   33.96728   2.93940   -5.30392
0.450   1.222     2.1667E+10  38.89348   0.2576244  0.0000E+00     -0.9662452 -0.2458171   0.9670978  -0.0655408   0.9344536    0.2544045    0.2491480   26.74414 -11.63306  -11.30491
0.475   1.105     2.2496E+10  41.37772   0.1061289  0.0000E+00     -0.9943524  0.0777376   0.9969393   0.0082970   0.9913090   -0.0781791    0.1058041   26.51894 -11.20394   -3.36063
0.500   1.000     2.2638E+10  43.37768  -0.1304864  0.0000E+00     -0.9914501  0.2629899   0.9641775  -0.0346125   0.9559339   -0.2652578   -0.1258121   16.89786 -10.31470    2.11996
0.525   0.905     2.4468E+10  46.50754  -0.3168264  0.0000E+00     -0.9484835 -0.0285304   0.9995474   0.0095301   0.9480543    0.0300800   -0.3166831   18.89263  -3.35361    5.65763
0.550   0.818     2.4701E+10  48.57267  -0.3979029  0.0000E+00     -0.9174275 -0.1941462   0.9773520   0.0842043   0.8966496    0.2116202   -0.3888912   14.83644  -7.92710   -1.81141
0.575   0.739     2.5249E+10  50.76343  -0.2669099  0.0000E+00     -0.9637215  0.0628382   0.9978719  -0.0174035   0.9616706   -0.0652037   -0.2663419   10.52199 -11.93369    3.62725
0.600   0.667     2.6171E+10  53.26713  -0.4055760  0.0000E+00     -0.9140614 -0.0018016   0.9999980   0.0007994   0.9140596    0.0019710   -0.4055752   13.04130  -9.54137    2.97567
0.625   0.600     2.6591E+10  55.38517  -0.2425995  0.0000E+00     -0.9701265  0.4010913   0.9105304  -0.1003009   0.8833297   -0.4134423   -0.2208942   15.75696 -10.36179    0.21167
0.650   0.538     2.6667E+10  57.23785   0.2404234  0.0000E+00     -0.9706681  0.839296    0.5023603   0.2078841   0.4876252   -0.8646583    0.1207792   21.95982  -8.01850   -0.18172
0.675   0.481     2.6871E+10  59.08134   0.1607703  0.0000E+00     -0.9869918  0.6092540   0.7867407   0.0992409   0.7765066   -0.6172837    0.1264846   24.13358 -14.50021   -4.55101
0.700   0.429     2.6990E+10  60.87488   0.1682656  0.0000E+00     -0.9857417  0.7538943   0.6442690   0.1286893   0.6350828   -0.7647990    0.1084083   23.58706  -5.29297   -1.55474
0.725   0.379     2.6983E+10  62.56524   0.1328421  0.0000E+00     -0.9911372  0.6227148   0.7779849   0.0834624   0.7710897   -0.6282831    0.1033491   24.79830  -7.81609   -1.89179
0.750   0.333     2.6671E+10  63.88455   0.1765939  0.0000E+00     -0.9842838  0.5981858   0.7941383   0.1073227   0.7816575   -0.6077371    0.1402400   21.25143  -4.27992   -2.09029
0.776   0.289     2.6809E+10  65.58965  -0.0344360  0.0000E+00     -0.9994069  0.5055773   0.8626053  -0.0174204   0.8620937   -0.5058773   -0.0297047   20.61632  -5.22899    3.96057
0.800   0.250     2.6872E+10  67.11301   0.2896909  0.0000E+00     -0.9571202  0.6225290   0.7595759   0.1884204   0.7270055   -0.6504188    0.2200423   13.75558  -7.26598    3.23160
0.826   0.211     2.7030E+10  68.76246  -0.0395584  0.0000E+00     -0.9992173  0.4801787   0.8769647  -0.0190100   0.8762783   -0.4805549   -0.0346913   26.63662 -13.84567   -4.11522
0.851   0.175     2.7179E+10  70.29693   0.2824609  0.0000E+00     -0.9592788  0.4624076   0.8761511   0.1361565   0.8404732   -0.4820367    0.2474784   20.98025 -13.70158   -5.47310
0.875   0.143     2.7521E+10  71.93153   0.2788843  0.0000E+00     -0.9603247  0.5761733   0.8000168   0.1673243   0.7682759   -0.5999776    0.2231121   17.23564  -7.84080   -0.25465
0.900   0.111     2.7594E+10  73.33957   0.2519633  0.0000E+00     -0.9677368  0.4563548   0.8818291   0.1188181   0.8533785   -0.4715691    0.2221886   12.89328  -6.71449   -0.33167
0.925   0.081     2.7697E+10  74.72045   0.3772520  0.0000E+00     -0.9261106  0.6307598   0.7322046   0.2569406   0.6781024   -0.6810847    0.2762257   16.32354 -10.53067   -0.69975
0.950   0.053     2.7699E+10  75.99039   0.3204706  0.0000E+00     -0.9472585  0.6471507   0.7302474   0.2189400   0.6917330   -0.6831828    0.2340228   18.15953  -6.53668    4.96966
0.975   0.026     2.8097E+10  77.58199   0.4044153  0.0000E+00     -0.9145754  0.7021824   0.6407271   0.3104975   0.5859932   -0.7677687    0.2591199   18.60248 -11.53273   -1.82409
0.990	0.010	  2.8403E+10  78.55004	 0.4043867  0.0000E+00 	   -0.9145882  0.6721333   0.6781725   0.2971849   0.6202485   -0.7349027    0.2742440   19.72528  0.861990    2.82561
1.000   0.000     2.8428E+10  79.05807   0.5618371  0.0000E+00     -0.8272480  0.6535049   0.6131395   0.4438370   0.5072184   -0.7899746    0.3444845   18.79003  -7.37624    4.96522